11881299.968
11881283.584
11880796.16
11880767.488
11879989.248
11881021.44
11881287.68
11880984.576
11881070.592
11881054.208
11885633.536
12032913.408
12041359.36
11913510.912
11913879.552
11911958.528
11910606.848
11910971.392
11892875.264
11892482.048
12711849.984
12708802.56
12711186.432
12710141.952
12709130.24
12709109.76
12709396.48
12709326.848
12708007.936
12707991.552
12708122.624
12708024.32
12706484.224
12705832.96
12705841.152
12720644.096
12720472.064
12720459.776
12719431.68
12719435.776
12718231.552
12718227.456
12718534.656
12718518.272
12718436.352
12718428.16
12718325.76
12718309.376
12718288.896
12717711.36
12717174.784
12717391.872
12716744.704
12714586.112
12837359.616
12846993.408
12917231.616
12927107.072
12927307.776
12927246.336
12902133.76
12894298.112
12889665.536
12961533.952
12966768.64
13000126.464
13004050.432
12999884.8
13000605.696
12998344.704
